; Generated by mfdb 7.3.1
; noba_area
areas	1
size	100
temperature
; -- data --
; year	step	area	mean
40	1	1	5
40	2	1	5
40	3	1	5
40	4	1	5
41	1	1	5
41	2	1	5
41	3	1	5
41	4	1	5
42	1	1	5
42	2	1	5
42	3	1	5
42	4	1	5
43	1	1	5
43	2	1	5
43	3	1	5
43	4	1	5
44	1	1	5
44	2	1	5
44	3	1	5
44	4	1	5
45	1	1	5
45	2	1	5
45	3	1	5
45	4	1	5
46	1	1	5
46	2	1	5
46	3	1	5
46	4	1	5
47	1	1	5
47	2	1	5
47	3	1	5
47	4	1	5
48	1	1	5
48	2	1	5
48	3	1	5
48	4	1	5
49	1	1	5
49	2	1	5
49	3	1	5
49	4	1	5
50	1	1	5
50	2	1	5
50	3	1	5
50	4	1	5
51	1	1	5
51	2	1	5
51	3	1	5
51	4	1	5
52	1	1	5
52	2	1	5
52	3	1	5
52	4	1	5
53	1	1	5
53	2	1	5
53	3	1	5
53	4	1	5
54	1	1	5
54	2	1	5
54	3	1	5
54	4	1	5
55	1	1	5
55	2	1	5
55	3	1	5
55	4	1	5
56	1	1	5
56	2	1	5
56	3	1	5
56	4	1	5
57	1	1	5
57	2	1	5
57	3	1	5
57	4	1	5
58	1	1	5
58	2	1	5
58	3	1	5
58	4	1	5
59	1	1	5
59	2	1	5
59	3	1	5
59	4	1	5
60	1	1	5
60	2	1	5
60	3	1	5
60	4	1	5
61	1	1	5
61	2	1	5
61	3	1	5
61	4	1	5
62	1	1	5
62	2	1	5
62	3	1	5
62	4	1	5
63	1	1	5
63	2	1	5
63	3	1	5
63	4	1	5
64	1	1	5
64	2	1	5
64	3	1	5
64	4	1	5
65	1	1	5
65	2	1	5
65	3	1	5
65	4	1	5
66	1	1	5
66	2	1	5
66	3	1	5
66	4	1	5
67	1	1	5
67	2	1	5
67	3	1	5
67	4	1	5
68	1	1	5
68	2	1	5
68	3	1	5
68	4	1	5
69	1	1	5
69	2	1	5
69	3	1	5
69	4	1	5
70	1	1	5
70	2	1	5
70	3	1	5
70	4	1	5
71	1	1	5
71	2	1	5
71	3	1	5
71	4	1	5
72	1	1	5
72	2	1	5
72	3	1	5
72	4	1	5
73	1	1	5
73	2	1	5
73	3	1	5
73	4	1	5
74	1	1	5
74	2	1	5
74	3	1	5
74	4	1	5
75	1	1	5
75	2	1	5
75	3	1	5
75	4	1	5
76	1	1	5
76	2	1	5
76	3	1	5
76	4	1	5
77	1	1	5
77	2	1	5
77	3	1	5
77	4	1	5
78	1	1	5
78	2	1	5
78	3	1	5
78	4	1	5
79	1	1	5
79	2	1	5
79	3	1	5
79	4	1	5
80	1	1	5
80	2	1	5
80	3	1	5
80	4	1	5
81	1	1	5
81	2	1	5
81	3	1	5
81	4	1	5
82	1	1	5
82	2	1	5
82	3	1	5
82	4	1	5
83	1	1	5
83	2	1	5
83	3	1	5
83	4	1	5
84	1	1	5
84	2	1	5
84	3	1	5
84	4	1	5
85	1	1	5
85	2	1	5
85	3	1	5
85	4	1	5
86	1	1	5
86	2	1	5
86	3	1	5
86	4	1	5
87	1	1	5
87	2	1	5
87	3	1	5
87	4	1	5
88	1	1	5
88	2	1	5
88	3	1	5
88	4	1	5
89	1	1	5
89	2	1	5
89	3	1	5
89	4	1	5
90	1	1	5
90	2	1	5
90	3	1	5
90	4	1	5
91	1	1	5
91	2	1	5
91	3	1	5
91	4	1	5
92	1	1	5
92	2	1	5
92	3	1	5
92	4	1	5
93	1	1	5
93	2	1	5
93	3	1	5
93	4	1	5
94	1	1	5
94	2	1	5
94	3	1	5
94	4	1	5
95	1	1	5
95	2	1	5
95	3	1	5
95	4	1	5
96	1	1	5
96	2	1	5
96	3	1	5
96	4	1	5
97	1	1	5
97	2	1	5
97	3	1	5
97	4	1	5
98	1	1	5
98	2	1	5
98	3	1	5
98	4	1	5
99	1	1	5
99	2	1	5
99	3	1	5
99	4	1	5
100	1	1	5
100	2	1	5
100	3	1	5
100	4	1	5
101	1	1	5
101	2	1	5
101	3	1	5
101	4	1	5
102	1	1	5
102	2	1	5
102	3	1	5
102	4	1	5
103	1	1	5
103	2	1	5
103	3	1	5
103	4	1	5
104	1	1	5
104	2	1	5
104	3	1	5
104	4	1	5
105	1	1	5
105	2	1	5
105	3	1	5
105	4	1	5
106	1	1	5
106	2	1	5
106	3	1	5
106	4	1	5
107	1	1	5
107	2	1	5
107	3	1	5
107	4	1	5
108	1	1	5
108	2	1	5
108	3	1	5
108	4	1	5
109	1	1	5
109	2	1	5
109	3	1	5
109	4	1	5
110	1	1	5
110	2	1	5
110	3	1	5
110	4	1	5
111	1	1	5
111	2	1	5
111	3	1	5
111	4	1	5
112	1	1	5
112	2	1	5
112	3	1	5
112	4	1	5
113	1	1	5
113	2	1	5
113	3	1	5
113	4	1	5
114	1	1	5
114	2	1	5
114	3	1	5
114	4	1	5
115	1	1	5
115	2	1	5
115	3	1	5
115	4	1	5
116	1	1	5
116	2	1	5
116	3	1	5
116	4	1	5
117	1	1	5
117	2	1	5
117	3	1	5
117	4	1	5
118	1	1	5
118	2	1	5
118	3	1	5
118	4	1	5
119	1	1	5
119	2	1	5
119	3	1	5
119	4	1	5
120	1	1	5
120	2	1	5
120	3	1	5
120	4	1	5
